
 
 [[ 1.76042280e-05  5.81165127e-04  1.62948466e-01]
 [-6.13018773e-04 -1.32147925e-05  1.37239024e-01]
 [-1.67725436e-01 -1.30809641e-01  1.00000000e+00]]
 
  [[ 1.76042280e-05  5.81165127e-04  1.62948466e-01]
 [-6.13018773e-04 -1.32147925e-05  1.37239024e-01]
 [-1.67725436e-01 -1.30809641e-01  1.00000000e+00]]
 
  [[ 1.76042280e-05  5.81165127e-04  1.62948466e-01]
 [-6.13018773e-04 -1.32147925e-05  1.37239024e-01]
 [-1.67725436e-01 -1.30809641e-01  1.00000000e+00]]
 
  [[ 1.76042280e-05  5.81165127e-04  1.62948466e-01]
 [-6.13018773e-04 -1.32147925e-05  1.37239024e-01]
 [-1.67725436e-01 -1.30809641e-01  1.00000000e+00]]
 
  [[ 1.76042280e-05  5.81165127e-04  1.62948466e-01]
 [-6.13018773e-04 -1.32147925e-05  1.37239024e-01]
 [-1.67725436e-01 -1.30809641e-01  1.00000000e+00]]
 
  [[ 1.76042280e-05  5.81165127e-04  1.62948466e-01]
 [-6.13018773e-04 -1.32147925e-05  1.37239024e-01]
 [-1.67725436e-01 -1.30809641e-01  1.00000000e+00]]
 --------------------------------------------------------
  [[-4.63175986e-06  3.24092808e-05 -4.68529125e-03]
 [-1.86733820e-05  1.23921692e-05 -5.14005235e-03]
 [ 3.19718222e-03 -3.15345699e-03  1.00000000e+00]]
 
  [[-5.96990694e-06 -6.07943745e-05  9.74869496e-02]
 [ 6.93868873e-05  1.37656770e-06 -1.77203131e-02]
 [-9.84889845e-02  1.33174562e-02  1.00000000e+00]]
 
   [[ 1.76042280e-05  5.81165127e-04  1.62948466e-01]
 [-6.13018773e-04 -1.32147925e-05  1.37239024e-01]
 [-1.67725436e-01 -1.30809641e-01  1.00000000e+00]]
 
  [[ 1.76042280e-05  5.81165127e-04  1.62948466e-01]
 [-6.13018773e-04 -1.32147925e-05  1.37239024e-01]
 [-1.67725436e-01 -1.30809641e-01  1.00000000e+00]]
